[Simulation_Duration]	[Head_Collision_Amount]	[Tail_Collision_Amount]	[Replication_Repair_Duration]	[Transcription_Start_Delay]	[Origins]	5083	645	339	0	10	['326824']	
4883	32	17	0	210	['326824']	
4880	17	9	0	410	['326824']	
4878	11	6	0	610	['326824']	
4879	8	4	0	810	['326824']	
4880	6	3	0	1010	['326824']	
4880	6	3	0	1210	['326824']	
4879	5	3	0	1410	['326824']	
4879	4	2	0	1610	['326824']	
4879	4	1	0	1810	['326824']	
5638433	946344	338	11520	10	['326824']	
477216	4180	18	11520	210	['326824']	
108566	493	8	11520	410	['326824']	
442662	1311	5	11520	610	['326824']	
62481	135	3	11520	810	['326824']	
62482	108	2	11520	1010	['326824']	
85522	110	3	11520	1210	['326824']	
50960	54	2	11520	1410	['326824']	
39440	40	2	11520	1610	['326824']	
50960	42	2	11520	1810	['326824']	
