[Simulation_Duration]	[Head_Collision_Amount]	[Tail_Collision_Amount]	[Replication_Repair_Duration]	[Transcription_Start_Delay]	[Origins]	4107	264	230	0	10	['271415']	
4052	14	12	0	210	['271415']	
4051	7	6	0	410	['271415']	
4050	5	4	0	610	['271415']	
4052	4	3	0	810	['271415']	
4052	4	3	0	1010	['271415']	
4052	3	2	0	1210	['271415']	
4052	3	2	0	1410	['271415']	
4052	2	1	0	1610	['271415']	
4052	2	1	0	1810	['271415']	
2538473	387760	359	11520	10	['271415']	
222934	1760	18	11520	210	['271415']	
50129	203	9	11520	410	['271415']	
211423	589	6	11520	610	['271415']	
38612	75	5	11520	810	['271415']	
38612	60	3	11520	1010	['271415']	
38613	50	2	11520	1210	['271415']	
27092	27	2	11520	1410	['271415']	
27092	24	2	11520	1610	['271415']	
27091	21	2	11520	1810	['271415']	
