[Simulation_Duration]	[Head_Collision_Amount]	[Tail_Collision_Amount]	[Replication_Repair_Duration]	[Transcription_Start_Delay]	[Origins]	5865	472	277	0	10	['376498']	
5624	24	14	0	210	['376498']	
5622	13	7	0	410	['376498']	
5618	9	6	0	610	['376498']	
5621	7	4	0	810	['376498']	
5621	7	4	0	1010	['376498']	
5621	6	3	0	1210	['376498']	
5621	4	2	0	1410	['376498']	
5621	4	2	0	1610	['376498']	
5621	4	2	0	1810	['376498']	
7228922	690632	421	11520	10	['376498']	
604677	3025	19	11520	210	['376498']	
143863	377	10	11520	410	['376498']	
524046	912	7	11520	610	['376498']	
86262	120	4	11520	810	['376498']	
86261	96	4	11520	1010	['376498']	
86262	80	3	11520	1210	['376498']	
63221	54	3	11520	1410	['376498']	
40181	32	2	11520	1610	['376498']	
40179	28	2	11520	1810	['376498']	
